$ANSIBLE_VAULT;1.1;AES256
31366539326436643533346239336462316133323432373532303339386263643061356166623632
3861663330396664643337623835336561653035636436310a383534323963356334326562633833
34626431613161333139626232623430343266396239663530376434383265353439316439366235
3335346438626332630a376363346533336532613832353664383562373932393932343836393461
31323165353633313035316236383063326332363561336465396565306630646465636533636235
66346433363534383538323337363661636236656530643762643537643136303363636566626663
35376234323430626237666365616461363835666133616438663865663135653332366165303638
64306361383933353664373565396234326464336462633536613562653030666532326132656537
33383633326161393866356330386634316264663065336635643333613335663962646665613637
66306264396662663638353032353134646565326637386664623762653935353234633732663961
36646164313438343064663930333363393036353164646435653039333337333264343631363739
63326338376437623538633039613931383762313966393438303931336461333163636664303638
62323233633034636162346635376332333431386462616465396265663438616664393839366438
64353862303636333738666261623962616536613266666566373232646466363433316235336663
32353738636361323339663961376361346263336532613633636532323061323036383332653339
64643266396331396161333362356633363532656234393337633335363466373833643065653666
38336538376238623232343666663865356535316238613433313234363832353439326562623661
66303833366532656439653636333535616436373136663031633866633865396661383031373264
33363331626566373363323963376166383861313935613764306234323563343234303362663063
33366632393334333966336131393332663463313263363830383835313037316666653033376633
37313933656630613934393239366238633165616430373530343130326464646163363035386437
37386164386539653062373363643230346333363466373639333630653835346362613033643766
33626564613166653539356334326364313433656536616433616230613636366664313065646261
35386664613833393237613531333033386331613364613734663333386531373239343831326233
37663030323665643661306333656234623238303161353661333763666331343938383061303438
31663162393935313964663238396332643136343733313836333062646665623433326466383665
30313731366632623834666463663435323935376539373466653439353465333034623939383130
62356665393835353238323932363236383534636136303131333362323333323837646662396236
36383233393032656261333862326464373935326133656166366133346635336139633935626533
62633562376232366265366361343933386133356662646132386231363935366630316130396163
34616639383237613833363531643838366230613636326562303163336461363338373636373664
33333534613566316639643566393830383135373963646332626437626330623430646135303862
39393935363532663131313137653764636238306663616232663335323639653861303465663462
36633931663632343566616333313339623164386637613665386537633839646637666239373461
37383533353966613435346365386334306235623936653739646564363862376161363238333935
39393564646265316466666435373366346234363962656234383566396266353531303136616631
63383631626262376538623137653932616262346563663865323362373533383434366566303665
30316563366162303663633133373730383764386237616562303762623536396262363035323764
38326431326537326530633964396337343332343237313864663463363962393063656436386565
62333265373537623366623566376538313764313161643430636337313937646433646137323865
32353864663166646139323635336633326631343038333764383637303731626138313164303462
66333739633764656531646537643461666366616232313138326166313033666535666232613362
64633465626233613735323464623630323763376334653265303063633261306139383835386262
66653137363064633537623334333334386235343866636339373066353438303839316239333165
66346664343133613033636436333431663666383366363038356461353761663264633862363265
38346430653361613964616134383834653761363434376462616465343633343430316330363130
39323932373434333536306461626239666464376630653334396135646666636164393363656463
64356633373164376235333662356130386136313737363866363366353734336438376638373938
64373862396236346263303664376366373237613665626335663761636335643835383134663561
63623631326439346430653332316430616134306265333363336461616364373235363662666465
61376532666465393161353562646563343436646236363664363534616565623431393831383438
38323266396235653832393831616461313362303364393161386536656432336664346166613163
34396331643331656437386664353363366230323130336630646662623564393165313861393230
38313839666331343439333136333237643035313032663134366638396433323463353066383635
64613337643132383135663331343130656265666365633465646331363462313039636363643166
65363233346362313434316236303233366565316538636633353433376331313930613934626166
30346332643764383538313765393962646430353832396139663536303461363039313030356466
31336261376565326462363861313435623261643462366437313538613765333031653362656662
64316537376261336433396564616639626134376536316633303666663434353433636335373834
34373666623966366337326161316234356531333364623039393132383165303362316436636335
30303230306461613135386663393232636332343138303739313434623565303330343766653539
37633662663831336431343561356261326133346365613163383331386463626530343334356663
64656137323161333864366233656539336335346130393664643761373934336361376436303664
32366434663861373635626666666638303730393031643233336261373336346264393134646435
35353164303733373637383139663931383565313065333636653861376334623836383163336562
38396163373564353936633935303761306535613339346330653535613137383232393737623830
61343835623364393264633035616235376263303063333032646533643439343431303561393162
37656639383634326166353331316539393637353934373937633537643935636365663339346266
64373539616333333038646136343134353136383439363034336131383661386130366263336539
36353033313039363035376161333431366630616534626336313164663661616130366339616163
35623930363565396630653761376438643930363763303332643234383737616638363236303433
33373464636335666635383733383938616562353661666630646334643964623534656661323038
35336462333339666131383530653635326331383634643264393033626666366165366136663062
64353866623236326632333831316363326562626639366666383164656362613664613335656666
35376261373032623862356238613234616261653062306631346365313431343336663032656332
32613663663434313139636661616536386333656165323562353230363039616562386436383362
64613535333434653263613866316137383030313935663430376138323634326263336665623335
31653339646463643332306337383162353832626665333430383763653561346235333462373035
32336664313530393232633337613633656335353164363762396130333564363563393062343362
39386431323130386265313666396337393561383534646636396130383533383962656465323331
36343836326461313430393466643938313330626330386330613963646139626432663238626435
63386137663664323333353131346139363537313536376437303739656366616138363864363766
32383136333864373231306663383039393064373936396164373130326431353764646663316663
34313764386336613238633339356162336433663563323235653530626331306231666133623036
38653966353135343562343232386338333764303736663066303266353839643337636363613962
33646262343931393331366531336334643034373739643031616634366138663530383365653639
63353363326332343464613731623832373936633438376362336134366161643561666364333630
35316335633462316331393038356430373039306461306337353537613263326138646435646237
66643434353664663136633139613330393037353335366430663834663265663439383563333164
31633561626331373139393835663563373366326235653435376335633061343161333438633732
39366638333236316538623336373734333262353434616330613931666663386335623835666636
33613363316233663863366334663262623864373430383161343630303632643564613330303137
62386636643462363335653332353764623965666133343463363831353439386130616432626638
30343031653737396565393461386338623031393766633535386536613864623532623935616463
31616133313039326630646233386364656130306165326437353934333633373831366561663331
61303963626565636436343966663161623530663861373764616334656131333834656163626536
34333936353339346465363337356462616235346637386637373763303739356365643336373137
63636536373262636333373765366235653237656663666565386139656662333033656162646531
63643763653462613037363636393033306236613939316437636461323762376238313963616665
33313230393137333039356336323364636664313735353862396131373730353862303864633636
66656339333762653362303238316666383063663762353665376264626631323837303963333433
62363232333439353436303634366461306266336137383361373465623535306638323863343365
61666261663130316665613039666333346633663265633837366438653863626433306565346630
34393964383439336362613765356434363536626436613362316537333533333266303864656665
62393536653766346637633865626164643237356662386362373265656336366138323731303830
63333334346339626532653632393533646431653061363735393833383761613964363533653535
66373739326562333730636238363132373436356132643264653663313438303534326431616562
62336463666431626630636630333665356261636637303532323363663835323039343662383239
33643364656533333730313434386266653239313162376361613862376231646138666638353537
39666538653163396531616466316532636135373736643037346264373365643534623532393436
39363839363766396133613034333837316662343533633839383362353466363838356536373138
62366335373066303734353133376365366163346364356631323662333030623064663237386538
66656138336266313363303531353537373966376563376539356562333631323733333030653862
65653863666639646435353938313861396463613166383139376235343631363033356134633239
31333437333837623633306565376532366162333133373134343039303536643261356233663366
38343839646331373962663634626438336535323331643830313461663333393333653034653138
34373261303439646330353064336662343338626432366366376265383231643065396632376438
31353334356164333465333737643565616235303262633330323862386134363230636662396436
31623963633865666666336136623466306438363361396537316366613363363962653030333435
64356661396566363364333562303037376631306430653436643734666337633339363531613961
62343761343964326465306133646563333362353238353264356464313938623261396138666231
33613764316363383338623139663530646238336666313336366238613766653736646230393836
66633839643132383561323734363433356265623432313331366532333233353836373064306231
66383239353733633531383838623139313131393464666133373335346264663065653233316334
37306134626363366533666639383830633765343763643531386533643263353764616662346666
36383531376136356264366161316633613737616430316436643566633631313063316534303436
62363733646334396163626562313465633033636330383831316338346337656438636432386165
30353366313862333232383231613132333761346339613136353133343831353463383464383466
62313334613633663831326335353830323761363330393837333430316461333535613762376665
63663934623231336463386330346434636632663966383666323739653061326662373337366166
34326339386139616639383237663066396565373462643530326339396534663437353162643032
31376530333665623166643766343263616265626466653831656636633266323237396366363038
36303965373332623737663333316234366166353038353232393937353865326339333061653565
6133663764323836363332623866343363343634663830633136
